Vg:
funcao Vg = -2.351663724855851*sen(11.12138995986141x + 9.361263591218838) + 2.5228139382274843
Matriz de covariancia VG:
[[ 7.79334176e-08  7.18982518e-10 -1.32684160e-10  2.87808473e-10]
 [ 7.18982518e-10  1.69123244e-08 -2.89581059e-11 -1.50237651e-10]
 [-1.32684160e-10 -2.89581059e-11  1.33955297e-08  1.55684827e-09]
 [ 2.87808473e-10 -1.50237651e-10  1.55684827e-09  3.80614605e-08]]
Vc:
funcao Vc = -0.7873598292407719*sen(11.121227167361972x + 8.603623483017785) + 2.528374082764253
Matriz de covariancia VC:
[[ 1.22978310e-07 -8.18137382e-10 -3.95291644e-09  4.45044971e-09]
 [-8.18137382e-10  2.67644526e-07 -4.94708891e-09 -7.38783038e-09]
 [-3.95291644e-09 -4.94708891e-09  1.99521132e-07  5.19935091e-09]
 [ 4.45044971e-09 -7.38783038e-09  5.19935091e-09  6.19601831e-08]]
Vr:
funcao Vr = -1.8601146560459365*sen(11.121426041595555x + 9.656417362092924) + -0.005554977168162028
Matriz de covariancia VR:
[[ 8.80835027e-12  9.45922409e-14  5.00500403e-14 -8.69477384e-14]
 [ 9.45922409e-14  3.08020742e-12  3.04478293e-14  5.76230058e-14]
 [ 5.00500403e-14  3.04478293e-14  2.43003467e-12  2.19020331e-13]
 [-8.69477384e-14  5.76230058e-14  2.19020331e-13  4.31142316e-12]]