Amplitude = 1.4171465496763997
Frequencia = 6.288542608958531
Fase = -1.5991861703196517
Voff = 2.463568778201722
