Vg:
funcao Vg = -2.495584489532531*sen(355.9964814787873x + 9.365016104498984) + 2.524690963520445
Matriz de covariancia VG:
[[ 8.09209993e-08  6.69297322e-09 -1.63934330e-10  3.13685631e-10]
 [ 6.69297322e-09  1.61084022e-05  7.75194278e-10 -6.65830641e-09]
 [-1.63934330e-10  7.75194278e-10  1.22922621e-08  1.36116096e-09]
 [ 3.13685631e-10 -6.65830641e-09  1.36116096e-09  3.94137811e-08]]
Vc:
funcao Vc = -2.336923698409311*sen(355.9808528437945x + 9.653814696653123) + 2.523214788852533
Matriz de covariancia VC:
[[ 1.01498228e-07  8.14849679e-09  4.57345632e-10 -8.27441861e-10]
 [ 8.14849679e-09  2.31954725e-05  4.29213371e-09  1.88641915e-08]
 [ 4.57345632e-10  4.29213371e-09  1.76414914e-08  1.80172968e-09]
 [-8.27441861e-10  1.88641915e-08  1.80172968e-09  4.95275354e-08]]
Vr:
funcao Vr = 0.7129018590151142*sen(356.0031902799803x + 11.302282339441021) + 0.0014552504073953264
Matriz de covariancia VR:
[[ 1.00696307e-09  6.15042920e-10  2.12030784e-11 -4.38142964e-11]
 [ 6.15042920e-10  3.07509802e-06 -1.04189167e-10 -3.76837775e-09]
 [ 2.12030784e-11 -1.04189167e-10  2.07880741e-09  1.70787336e-11]
 [-4.38142964e-11 -3.76837775e-09  1.70787336e-11  5.21015663e-10]]