Vg:
funcao Vg = -2.4640000246904874*sen(3819.9970577849817x + 3.107715919755973) + -0.006363084562514734
Matriz de covariancia VG:
[[ 9.93345439e-08 -9.27932776e-07 -3.02795924e-09 -2.01161559e-11]
 [-9.27932776e-07  2.95456879e-03  9.54351146e-06  1.85086408e-07]
 [-3.02795924e-09  9.54351146e-06  4.72665180e-08  4.39095437e-10]
 [-2.01161559e-11  1.85086408e-07  4.39095437e-10  4.97257822e-08]]
Vc:
funcao Vc = -2.43377498939381*sen(3819.9125140736514x + 3.0465365673559597) + -0.02709850584890298
Matriz de covariancia VC:
[[ 1.57614802e-07 -1.51525533e-06 -4.93693195e-09 -1.23087830e-11]
 [-1.51525533e-06  4.80493725e-03  1.55965843e-05  1.10547009e-07]
 [-4.93693195e-09  1.55965843e-05  7.73653406e-08  1.01331982e-10]
 [-1.23087830e-11  1.10547009e-07  1.01331982e-10  7.88832082e-08]]
Vr:
funcao Vr = 0.15214671247488606*sen(3820.227315921517x + 1.307497772861401) + 0.020742602654249646
Matriz de covariancia VR:
[[ 2.30672388e-10 -3.53422050e-08 -1.12287557e-10 -2.28449709e-12]
 [-3.53422050e-08  1.80975685e-03  5.82880045e-06  7.17261099e-08]
 [-1.12287557e-10  5.82880045e-06  2.86340284e-08  2.30234002e-10]
 [-2.28449709e-12  7.17261099e-08  2.30234002e-10  1.17404465e-10]]