Vg:
funcao Vg = 2.4635251621822016*sen(74.39172043113535x + 5.598280904915671) + 2.4940584512967114
Matriz de covariancia VG:
[[ 8.33232501e-08  5.96676626e-09  1.16995746e-09 -4.11978065e-10]
 [ 5.96676626e-09  6.81918269e-07  1.73948982e-07  9.74562411e-09]
 [ 1.16995746e-09  1.73948982e-07  5.83181578e-08  2.90184733e-09]
 [-4.11978065e-10  9.74562411e-09  2.90184733e-09  4.21167785e-08]]
Vc:
funcao Vc = 0.15697544980493355*sen(74.39053310105464x + 4.121085737001221) + 2.463483832203208
Matriz de covariancia VC:
[[ 6.72320301e-08 -9.86712851e-08 -2.06335264e-08 -1.03851796e-09]
 [-9.86712851e-08  1.28216469e-04  3.15681180e-05  2.50437384e-07]
 [-2.06335264e-08  3.15681180e-05  1.04441126e-05  5.96444293e-08]
 [-1.03851796e-09  2.50437384e-07  5.96444293e-08  3.37373439e-08]]
Vr:
funcao Vr = 2.453789891838639*sen(74.39172417766196x + 5.662015495830457) + 0.03057234611554284
Matriz de covariancia VR:
[[ 7.26075230e-13  6.10052555e-14  1.27799829e-14 -3.00682721e-15]
 [ 6.10052555e-14  6.01119408e-12  1.53023489e-12  7.41672404e-14]
 [ 1.27799829e-14  1.53023489e-12  5.12311465e-13  2.26274056e-14]
 [-3.00682721e-15  7.41672404e-14  2.26274056e-14  3.67082901e-13]]