Vg:
funcao Vg = 2.495527332173756*sen(2.323402519053681x + 11.885463988347695) + 2.492809543920165
Matriz de covariancia VG:
[[ 7.24063655e-08 -4.01013635e-10 -1.24204964e-09  1.11899271e-09]
 [-4.01013635e-10  9.73387305e-10  2.36598725e-09 -6.57150899e-11]
 [-1.24204964e-09  2.36598725e-09  1.78123268e-08 -2.14076570e-09]
 [ 1.11899271e-09 -6.57150899e-11 -2.14076570e-09  3.70001918e-08]]
Vc:
funcao Vc = 2.1611510865814556*sen(2.323489608411931x + 11.41133851127041) + 2.4628955166731905
Matriz de covariancia VC:
[[ 1.45955778e-06 -2.04607504e-09 -1.91117531e-08  6.45702396e-08]
 [-2.04607504e-09  2.47636960e-08  5.77496195e-08 -4.28980890e-09]
 [-1.91117531e-08  5.77496195e-08  4.49654071e-07 -4.58798019e-08]
 [ 6.45702396e-08 -4.28980890e-09 -4.58798019e-08  7.36493984e-07]]
Vr:
funcao Vr = -1.1413291108174484*sen(2.3234031308419705x + 9.78874471176963) + 0.029899023803455806
Matriz de covariancia VR:
[[ 4.51849397e-10 -2.86681899e-13 -9.23352896e-12  2.27881516e-11]
 [-2.86681899e-13  2.69202082e-11  7.21506365e-11  2.83749639e-12]
 [-9.23352896e-12  7.21506365e-11  5.38995720e-10 -1.07717726e-11]
 [ 2.27881516e-11  2.83749639e-12 -1.07717726e-11  2.26775292e-10]]