Vg:
funcao Vg = -2.4798660488265982*sen(4.649579192224823x + -85.50584059474667) + 2.492848706713788
Matriz de covariancia VG:
[[ 7.60018696e-08  6.14120113e-10  1.40904896e-09 -1.04449033e-09]
 [ 6.14120113e-10  2.72994099e-09  6.96334248e-09 -5.79260949e-11]
 [ 1.40904896e-09  6.96334248e-09  3.03459373e-08  1.57927855e-09]
 [-1.04449033e-09 -5.79260949e-11  1.57927855e-09  3.84365680e-08]]
Vc:
funcao Vc = 1.6815084700944631*sen(4.649481268891456x + -1.4686608946211244) + 2.462581536053833
Matriz de covariancia VC:
[[ 8.41099165e-07 -5.10905778e-09 -1.73388138e-08 -2.55246235e-08]
 [-5.10905778e-09  6.46584789e-08  1.56184063e-07  2.06969946e-09]
 [-1.73388138e-08  1.56184063e-07  6.77634399e-07  2.96412913e-08]
 [-2.55246235e-08  2.06969946e-09  2.96412913e-08  4.23904476e-07]]
Vr:
funcao Vr = 1.7553235252482748*sen(4.649580604069241x + 0.061516508608525054) + 0.030263956322103727
Matriz de covariancia VR:
[[ 1.26484438e-10  5.60231661e-13  2.19751370e-12  5.98457059e-12]
 [ 5.60231661e-13  8.63523412e-12  2.24333147e-11 -4.60255250e-13]
 [ 2.19751370e-12  2.24333147e-11  9.89701686e-11  1.09901656e-12]
 [ 5.98457059e-12 -4.60255250e-13  1.09901656e-12  6.31806284e-11]]