Vg:
funcao Vg = -2.5082425167040934*sen(0.2591819040294107x + 15.035051519431706) + 2.4928998973265224
Matriz de covariancia VG:
[[ 7.82594327e-08  3.06558559e-11 -1.67468373e-10  1.34000137e-09]
 [ 3.06558559e-11  1.07142120e-11  3.42631441e-11 -9.23211198e-11]
 [-1.67468373e-10  3.42631441e-11  1.29778036e-08 -1.50219622e-10]
 [ 1.34000137e-09 -9.23211198e-11 -1.50219622e-10  4.05798707e-08]]
Vc:
funcao Vc = -2.4718052835535196*sen(0.2591809501985896x + 8.691604133344757) + 2.462865402745898
Matriz de covariancia VC:
[[ 1.33030838e-07  5.60237251e-11 -1.69136428e-10  2.27942929e-09]
 [ 5.60237251e-11  1.88359030e-11  5.73421185e-11 -1.61844057e-10]
 [-1.69136428e-10  5.73421185e-11  2.27351124e-08 -3.09341019e-10]
 [ 2.27942929e-09 -1.61844057e-10 -3.09341019e-10  6.90703303e-08]]
Vr:
funcao Vr = -0.1543829313262545*sen(0.25918496463271806x + 16.337550204624478) + 0.0300426144536479
Matriz de covariancia VR:
[[ 6.39667413e-12 -4.39685508e-14 -1.91312018e-13  6.95608273e-15]
 [-4.39685508e-14  1.93423564e-13  5.27779600e-13 -4.76617880e-15]
 [-1.91312018e-13  5.27779600e-13  2.59239123e-10  8.25576296e-13]
 [ 6.95608273e-15 -4.76617880e-15  8.25576296e-13  3.13304791e-12]]