Vg:
funcao Vg = -2.3894138904119058*sen(5.560578811063336x + 9.372852317495767) + 2.5236825555494193
Matriz de covariancia VG:
[[ 1.26268075e-07  5.74302363e-10 -1.81013524e-10  3.98886403e-10]
 [ 5.74302363e-10  6.63301507e-09 -1.65486573e-11 -1.02521789e-10]
 [-1.81013524e-10 -1.65486573e-11  2.10189890e-08  2.48375397e-09]
 [ 3.98886403e-10 -1.02521789e-10  2.48375397e-09  6.16607605e-08]]
Vc:
funcao Vc = -1.4201725739015778*sen(5.560263950323808x + 8.669454361565448) + 2.5243253250466893
Matriz de covariancia VC:
[[ 4.10576898e-07 -2.39709062e-10 -7.35726756e-09  1.38422627e-08]
 [-2.39709062e-10  6.76751899e-08 -2.50449197e-09 -6.33577151e-09]
 [-7.35726756e-09 -2.50449197e-09  2.03383609e-07  1.02297839e-08]
 [ 1.38422627e-08 -6.33577151e-09  1.02297839e-08  2.06085875e-07]]
Vr:
funcao Vr = -1.5969716532711307*sen(5.560668885777405x + 9.985719507668929) + -0.000606298363614664
Matriz de covariancia VR:
[[ 5.45102506e-10  1.63362029e-12  7.67578500e-12 -1.33514468e-11]
 [ 1.63362029e-12  6.77663309e-11  2.61767059e-12  5.28513958e-12]
 [ 7.67578500e-12  2.61767059e-12  2.08833575e-10  1.41495932e-11]
 [-1.33514468e-11  5.28513958e-12  1.41495932e-11  2.70216047e-10]]