Vg:
funcao Vg = -2.3269695227840623*sen(22.248872635002115x + 9.356781433335088) + 2.521884943611234
Matriz de covariancia VG:
[[ 8.37440333e-08  1.59235382e-09 -1.51508801e-10  3.27471205e-10]
 [ 1.59235382e-09  7.42890898e-08 -7.24776753e-11 -3.42201582e-10]
 [-1.51508801e-10 -7.24776753e-11  1.47058912e-08  1.69532167e-09]
 [ 3.27471205e-10 -3.42201582e-10  1.69532167e-09  4.09059635e-08]]
Vc:
funcao Vc = -0.40325488528646336*sen(22.24964543883464x + 9.186785239655649) + 2.52333178717072
Matriz de covariancia VC:
[[ 1.15946983e-07  1.12903579e-08 -3.52170766e-09  1.35843365e-09]
 [ 1.12903579e-08  3.46536744e-06 -1.47388028e-08 -8.23190119e-09]
 [-3.52170766e-09 -1.47388028e-08  6.82007802e-07  1.32303499e-08]
 [ 1.35843365e-09 -8.23190119e-09  1.32303499e-08  5.68175595e-08]]
Vr:
funcao Vr = -1.930733207374479*sen(22.24871487089523x + 9.392123237598081) + -0.0014483289011388188
Matriz de covariancia VR:
[[ 7.14023559e-13  1.65098973e-14 -9.04857604e-16  1.62725823e-15]
 [ 1.65098973e-14  9.19160687e-13 -2.37298989e-16 -2.04888837e-15]
 [-9.04857604e-16 -2.37298989e-16  1.82041633e-13  1.74540796e-14]
 [ 1.62725823e-15 -2.04888837e-15  1.74540796e-14  3.48679599e-13]]