Vg:
funcao Vg = -2.387824137902973*sen(88.99817637993692x + 9.362392411077215) + 2.523282471549359
Matriz de covariancia VG:
[[ 8.85599799e-08  6.59118615e-09 -1.45730398e-10  3.23480847e-10]
 [ 6.59118615e-09  1.19356233e-06 -2.58230634e-10 -1.31612260e-09]
 [-1.45730398e-10 -2.58230634e-10  1.47679856e-08  1.74837268e-09]
 [ 3.23480847e-10 -1.31612260e-09  1.74837268e-09  4.32567303e-08]]
Vc:
funcao Vc = -1.2705027166104619*sen(88.99987331637526x + 10.117994323027695) + 2.5245463235965655
Matriz de covariancia VC:
[[ 1.02948860e-07  2.26395313e-09  1.99882137e-09 -3.09811784e-09]
 [ 2.26395313e-09  5.31726083e-06  1.43266671e-08  2.47144931e-08]
 [ 1.99882137e-09  1.43266671e-08  6.31218946e-08  3.11387950e-09]
 [-3.09811784e-09  2.47144931e-08  3.11387950e-09  5.13963047e-08]]
Vr:
funcao Vr = -1.702820611336071*sen(88.99773468961196x + 8.825312389762312) + -0.0012534205541130728
Matriz de covariancia VR:
[[ 4.92437531e-11  1.50374429e-12 -6.88686956e-13  1.35947186e-12]
 [ 1.50374429e-12  1.39829974e-09 -3.11901457e-12 -8.04556567e-12]
 [-6.88686956e-13 -3.11901457e-12  1.67059888e-11  1.15257584e-12]
 [ 1.35947186e-12 -8.04556567e-12  1.15257584e-12  2.45038643e-11]]