Vg:
funcao Vg = -2.2679365053938105*sen(14.913768823335387x + 3.1149509653111496) + -0.007388937139558331
Matriz de covariancia VG:
[[ 7.23506774e-08 -2.87591507e-09 -5.97689106e-12  1.25764187e-11]
 [-2.87591507e-09  3.87535085e-08  3.94522143e-10 -5.27636761e-10]
 [-5.97689106e-12  3.94522143e-10  1.41427083e-08 -1.36294151e-10]
 [ 1.25764187e-11 -5.27636761e-10 -1.36294151e-10  3.62222737e-08]]
Vc:
funcao Vc = -0.1211057148840379*sen(14.910543600985893x + 3.6637412976254353) + -0.02477208456712565
Matriz de covariancia VC:
[[ 7.28274685e-08 -3.32209131e-08 -1.32118285e-09  2.00296680e-11]
 [-3.32209131e-08  1.37239642e-05 -3.09730211e-07  4.96496173e-08]
 [-1.32118285e-09 -3.09730211e-07  4.99313473e-06 -3.46015444e-09]
 [ 2.00296680e-11  4.96496173e-08 -3.46015444e-09  3.66488241e-08]]
Vr:
funcao Vr = -2.165535547883777*sen(14.913920019497633x + 3.085777024716096) + 0.017368876185302966
Matriz de covariancia VR:
[[ 1.64098730e-11 -6.74734130e-13 -8.70202658e-16  3.65578033e-15]
 [-6.74734130e-13  9.64118254e-12  1.16681746e-13 -1.66127207e-13]
 [-8.70202658e-16  1.16681746e-13  3.51849775e-12 -3.29380475e-14]
 [ 3.65578033e-15 -1.66127207e-13 -3.29380475e-14  8.21691007e-12]]