Vg:
funcao Vg = -0.13873835316078675*sen(6.22639332206262x + 9.41962670778806) + 2.529805254984657
Matriz de covariancia VG:
[[ 5.79476641e-03 -2.24191253e-04  2.83464781e-05  2.06968548e-06]
 [-2.24191253e-04  2.59328770e-02  2.99704495e-04  2.38118009e-05]
 [ 2.83464781e-05  2.99704495e-04  3.06125358e-01  3.80155654e-04]
 [ 2.06968548e-06  2.38118009e-05  3.80155654e-04  2.92127006e-03]]
Vc:
funcao Vc = -0.10770656492889556*sen(6.21249787652014x + 9.116796994876776) + 2.5702060873439643
Matriz de covariancia VC:
[[ 3.99386383e-03 -1.29979959e-04  2.37249479e-04  1.44889211e-05]
 [-1.29979959e-04  2.95990826e-02  1.22864382e-03  1.60929773e-04]
 [ 2.37249479e-04  1.22864382e-03  3.49733066e-01  3.98947734e-04]
 [ 1.44889211e-05  1.60929773e-04  3.98947734e-04  2.01337906e-03]]
Vr:
funcao Vr = -0.006476354512637014*sen(4.956672563710311x + 10.011213778427392) + -0.040636160558369265
Matriz de covariancia VR:
[[ 2.32277981e-06  1.30103520e-06  8.93549832e-07 -4.08195154e-08]
 [ 1.30103520e-06  4.59000650e-03  4.37952119e-04  2.78998104e-07]
 [ 8.93549832e-07  4.37952119e-04  5.52952528e-02  1.01736491e-05]
 [-4.08195154e-08  2.78998104e-07  1.01736491e-05  1.16128066e-06]]