Vg:
funcao Vg = 2.4897968943945092*sen(1.388591946838744x + 6.22291332456652) + 2.524700151440748
Matriz de covariancia VG:
[[ 1.30889780e-07 -1.18165736e-10  2.51498640e-10 -5.51529080e-10]
 [-1.18165736e-10  3.95646264e-10 -6.44499954e-13 -3.66578474e-11]
 [ 2.51498640e-10 -6.44499954e-13  2.00429228e-08  2.40665533e-09]
 [-5.51529080e-10 -3.66578474e-11  2.40665533e-09  6.38766515e-08]]
Vc:
funcao Vc = 2.341030751242552*sen(1.3886340046225283x + 5.955852040679266) + 2.526981575773469
Matriz de covariancia VC:
[[ 7.81113984e-07 -5.66227324e-10  5.72991835e-09 -1.25701400e-08]
 [-5.66227324e-10  2.73835615e-09 -1.83911300e-10 -9.00069760e-10]
 [ 5.72991835e-09 -1.83911300e-10  1.36989460e-07  1.45079804e-08]
 [-1.25701400e-08 -9.00069760e-10  1.45079804e-08  3.83805527e-07]]
Vr:
funcao Vr = -0.6598234250988011*sen(1.3885674233154865x + 4.293238864872927) + -0.0023010527839834303
Matriz de covariancia VR:
[[ 4.77484804e-10 -1.62923356e-12  1.50335494e-11 -2.09738092e-11]
 [-1.62923356e-12  2.46158659e-11  3.25284623e-12  5.81879072e-12]
 [ 1.50335494e-11  3.25284623e-12  1.13323045e-09  1.59372467e-11]
 [-2.09738092e-11  5.81879072e-12  1.59372467e-11  2.44386885e-10]]