Vg:
funcao Vg = -2.4661628117969965*sen(1910.3619632680425x + 3.119538263513077) + -0.005573835329894974
Matriz de covariancia VG:
[[ 1.11235867e-07 -3.94695295e-07 -1.34641723e-09  7.16255000e-11]
 [-3.94695295e-07  9.48468997e-04  3.08666190e-06  2.96988614e-08]
 [-1.34641723e-09  3.08666190e-06  2.92835616e-08 -1.22762993e-09]
 [ 7.16255000e-11  2.96988614e-08 -1.22762993e-09  5.70288089e-08]]
Vc:
funcao Vc = -2.3913176782388597*sen(1910.3664450849926x + 3.2761658028522445) + -0.02178151387164498
Matriz de covariancia VC:
[[ 9.33664003e-08 -3.15425826e-07 -1.37985967e-09  4.28849236e-10]
 [-3.15425826e-07  8.41919041e-04  2.69172032e-06  1.80297879e-07]
 [-1.37985967e-09  2.69172032e-06  2.57262286e-08 -5.49472840e-10]
 [ 4.28849236e-10  1.80297879e-07 -5.49472840e-10  4.78328543e-08]]
Vr:
funcao Vr = -0.387241228172374*sen(1910.3596645879427x + 1.820943507039953) + 0.016209058598722386
Matriz de covariancia VR:
[[ 2.32624970e-12  4.61469366e-11  2.41365892e-13 -7.07175857e-14]
 [ 4.61469366e-11  6.85971858e-07  2.31119648e-09 -1.25420162e-10]
 [ 2.41365892e-13  2.31119648e-09  2.26249470e-11 -4.71953474e-13]
 [-7.07175857e-14 -1.25420162e-10 -4.71953474e-13  1.16013940e-12]]