Vg:
funcao Vg = 2.4507175241910972*sen(2.777180553179581x + 6.231923413235152) + 2.521708200258694
Matriz de covariancia VG:
[[ 1.17537513e-07 -2.37847274e-10  1.65316555e-10 -3.63363756e-10]
 [-2.37847274e-10  1.46472661e-09 -5.96287001e-12 -4.73448470e-11]
 [ 1.65316555e-10 -5.96287001e-12  1.85823649e-08  2.22577226e-09]
 [-3.63363756e-10 -4.73448470e-11  2.22577226e-09  5.73695605e-08]]
Vc:
funcao Vc = 2.0193908970289507*sen(2.7772903993875646x + 5.757634769433635) + 2.5195295430142974
Matriz de covariancia VC:
[[ 8.20118049e-07 -8.82628344e-10  9.25565390e-09 -1.97842306e-08]
 [-8.82628344e-10  1.59218605e-08 -9.54149629e-10 -3.22091100e-09]
 [ 9.25565390e-09 -9.54149629e-10  1.96337014e-07  1.66021037e-08]
 [-1.97842306e-08 -3.22091100e-09  1.66021037e-08  4.06423984e-07]]
Vr:
funcao Vr = -1.1307350500523337*sen(2.777135931220475x + 4.044138218077001) + 0.0021488232127190193
Matriz de covariancia VR:
[[ 5.83363173e-10 -9.78725001e-13  1.31183107e-11 -2.18357401e-11]
 [-9.78725001e-13  3.89054837e-11  3.06497281e-12  6.62345598e-12]
 [ 1.31183107e-11  3.06497281e-12  4.61242082e-10  1.61751422e-11]
 [-2.18357401e-11  6.62345598e-12  1.61751422e-11  2.94786663e-10]]