Vg:
funcao Vg = -2.4548369698561285*sen(177.99359935799845x + 9.362226304725542) + 2.525200146882144
Matriz de covariancia VG:
[[ 8.18198025e-08  3.40985748e-09 -1.73558168e-10  3.26574649e-10]
 [ 3.40985748e-09  4.20856454e-06  3.95757150e-10 -3.52666057e-09]
 [-1.73558168e-10  3.95757150e-10  1.28454778e-08  1.39826537e-09]
 [ 3.26574649e-10 -3.52666057e-09  1.39826537e-09  3.98526581e-08]]
Vc:
funcao Vc = -1.9477724229307602*sen(177.9905475657338x + 9.896069730073007) + 2.5284441333733683
Matriz de covariancia VC:
[[ 1.03206409e-07  2.79652626e-09  1.12932109e-09 -1.85476366e-09]
 [ 2.79652626e-09  8.77187889e-06  4.88097402e-09  2.59176472e-08]
 [ 1.12932109e-09  4.88097402e-09  2.62419293e-08  2.05573701e-09]
 [-1.85476366e-09  2.59176472e-08  2.05573701e-09  5.08194376e-08]]
Vr:
funcao Vr = 1.2600522697854406*sen(177.99463733323452x + 11.598585368311129) + -0.0032569364391987587
Matriz de covariancia VR:
[[ 1.02218620e-10  1.03245491e-11  2.10010186e-12 -3.81226074e-12]
 [ 1.03245491e-11  2.36125794e-08 -5.99499651e-12 -8.95190978e-11]
 [ 2.10010186e-12 -5.99499651e-12  6.59136066e-11  1.94164972e-12]
 [-3.81226074e-12 -8.95190978e-11  1.94164972e-12  5.21115910e-11]]