Vg:
funcao Vg = -2.479866048826878*sen(4.649579192225906x + 2.45875370577309) + 2.4928487067116114
Matriz de covariancia VG:
[[ 7.60018730e-08  6.14130727e-10  1.40909532e-09 -1.04448800e-09]
 [ 6.14130727e-10  2.72994082e-09  6.96334202e-09 -5.79261373e-11]
 [ 1.40909532e-09  6.96334202e-09  3.03459363e-08  1.57927847e-09]
 [-1.04448800e-09 -5.79261373e-11  1.57927847e-09  3.84365680e-08]]
Vc:
funcao Vc = -1.6815084700925091*sen(4.649481268928124x + 1.6729317590937531) + 2.4625815360654357
Matriz de covariancia VC:
[[8.41099169e-07 5.10905730e-09 1.73388111e-08 2.55246243e-08]
 [5.10905730e-09 6.46584748e-08 1.56184053e-07 2.06969929e-09]
 [1.73388111e-08 1.56184053e-07 6.77634383e-07 2.96412926e-08]
 [2.55246243e-08 2.06969929e-09 2.96412926e-08 4.23904476e-07]]
Vr:
funcao Vr = -1.7553235251919888*sen(4.649580604069986x + 3.2031091622023276) + 0.03026395630971409
Matriz de covariancia VR:
[[ 1.26484347e-10 -5.60235717e-13 -2.19752612e-12 -5.98456523e-12]
 [-5.60235717e-13  8.63526011e-12  2.24333830e-11 -4.60255256e-13]
 [-2.19752612e-12  2.24333830e-11  9.89702152e-11  1.09901001e-12]
 [-5.98456523e-12 -4.60255256e-13  1.09901001e-12  6.31805446e-11]]