Vg:
funcao Vg = -2.4540935709603735*sen(37.19641163627066x + 2.46515603017951) + 2.492101941499599
Matriz de covariancia VG:
[[ 8.62285100e-08 -3.17042392e-09 -1.25640353e-09  4.16648100e-10]
 [-3.17042392e-09  1.77863619e-07  9.07196126e-08  4.97893317e-09]
 [-1.25640353e-09  9.07196126e-08  6.08192107e-08  2.97280750e-09]
 [ 4.16648100e-10  4.97893317e-09  2.97280750e-09  4.35862547e-08]]
Vc:
funcao Vc = -0.3039467845701596*sen(37.19333043281243x + 1.0447027975976162) + 2.461489663912803
Matriz de covariancia VC:
[[7.26695932e-08 3.01820839e-08 1.31821661e-08 1.17059817e-09]
 [3.01820839e-08 9.20849055e-06 4.54642654e-06 7.12150620e-08]
 [1.31821661e-08 4.54642654e-06 3.01306944e-06 3.42342191e-08]
 [1.17059817e-09 7.12150620e-08 3.42342191e-08 3.64407788e-08]]
Vr:
funcao Vr = -2.426783175073232*sen(37.19642865928494x + 2.5892842613955334) + 0.03058879013140559
Matriz de covariancia VR:
[[ 7.34508554e-11 -3.54676337e-12 -1.56178609e-12  2.43772234e-13]
 [-3.54676337e-12  1.55946912e-10  7.91972802e-11  3.15920229e-12]
 [-1.56178609e-12  7.91972802e-11  5.29439318e-11  1.99742941e-12]
 [ 2.43772234e-13  3.15920229e-12  1.99742941e-12  3.71404005e-11]]