Vg:
funcao Vg = -2.5082425167080817*sen(0.25918190402942803x + 2.4686809050764364) + 2.492899897326335
Matriz de covariancia VG:
[[ 7.82594324e-08  3.06558653e-11 -1.67465293e-10  1.34000126e-09]
 [ 3.06558653e-11  1.07142122e-11  3.42631441e-11 -9.23211216e-11]
 [-1.67465293e-10  3.42631441e-11  1.29778040e-08 -1.50219679e-10]
 [ 1.34000126e-09 -9.23211216e-11 -1.50219679e-10  4.05798707e-08]]
Vc:
funcao Vc = -2.4718052835526234*sen(0.2591809501982966x + 2.4084188261701467) + 2.462865402746012
Matriz de covariancia VC:
[[ 1.33030839e-07  5.60237331e-11 -1.69133790e-10  2.27942914e-09]
 [ 5.60237331e-11  1.88359029e-11  5.73421189e-11 -1.61844058e-10]
 [-1.69133790e-10  5.73421189e-11  2.27351123e-08 -3.09340990e-10]
 [ 2.27942914e-09 -1.61844058e-10 -3.09340990e-10  6.90703304e-08]]
Vr:
funcao Vr = -0.1543829313227701*sen(0.25918496463262813x + 3.7711795902060543) + 0.030042614455871253
Matriz de covariancia VR:
[[ 6.39667837e-12 -4.39685663e-14 -1.91308231e-13  6.95613479e-15]
 [-4.39685663e-14  1.93423683e-13  5.27779864e-13 -4.76617324e-15]
 [-1.91308231e-13  5.27779864e-13  2.59239285e-10  8.25577006e-13]
 [ 6.95613479e-15 -4.76617324e-15  8.25577006e-13  3.13305003e-12]]