Vg:
funcao Vg = -2.50395874346283*sen(0.5809764423389925x + 15.035154704233605) + 2.4938623490766085
Matriz de covariancia VG:
[[ 7.97549207e-08  3.43678552e-11  5.00260044e-10  9.24015484e-10]
 [ 3.43678552e-11  5.28490431e-11  9.93176513e-11 -1.81260567e-10]
 [ 5.00260044e-10  9.93176513e-11  1.30619022e-08 -6.08449278e-10]
 [ 9.24015484e-10 -1.81260567e-10 -6.08449278e-10  4.07367855e-08]]
Vc:
funcao Vc = 2.446230488577366*sen(0.5809479954440658x + 11.762587047387298) + 2.4635544115397474
Matriz de covariancia VC:
[[ 4.03046491e-07 -5.46654734e-11 -2.52684325e-09 -4.58093217e-09]
 [-5.46654734e-11  2.74496459e-10  5.00689200e-10 -8.34880904e-10]
 [-2.52684325e-09  5.00689200e-10  6.85958759e-08 -3.16666828e-09]
 [-4.58093217e-09 -8.34880904e-10 -3.16666828e-09  2.04555168e-07]]
Vr:
funcao Vr = -0.3289001340504028*sen(0.5809867575735356x + 16.364453051153323) + 0.030390424143694614
Matriz de covariancia VR:
[[ 1.19320014e-09  5.25888464e-14 -5.40403745e-11  1.33950452e-11]
 [ 5.25888464e-14  4.45796021e-11  1.44594986e-10 -1.73527451e-11]
 [-5.40403745e-11  1.44594986e-10  1.15177276e-08 -1.77181899e-11]
 [ 1.33950452e-11 -1.73527451e-11 -1.77181899e-11  6.03863770e-10]]