Vg:
funcao Vg = -2.5039587434644477*sen(0.5809764423396698x + 2.468784089894976) + 2.493862349073345
Matriz de covariancia VG:
[[ 7.97549207e-08  3.43678609e-11  5.00262827e-10  9.24014799e-10]
 [ 3.43678609e-11  5.28490215e-11  9.93176028e-11 -1.81260523e-10]
 [ 5.00262827e-10  9.93176028e-11  1.30618973e-08 -6.08449042e-10]
 [ 9.24014799e-10 -1.81260523e-10 -6.08449042e-10  4.07367858e-08]]
Vc:
funcao Vc = -2.4462304885893857*sen(0.580947995444083x + 2.3378090866165393) + 2.463554411535686
Matriz de covariancia VC:
[[ 4.03046491e-07  5.46655592e-11  2.52685505e-09  4.58093151e-09]
 [ 5.46655592e-11  2.74496458e-10  5.00689199e-10 -8.34880906e-10]
 [ 2.52685505e-09  5.00689199e-10  6.85958761e-08 -3.16666822e-09]
 [ 4.58093151e-09 -8.34880906e-10 -3.16666822e-09  2.04555168e-07]]
Vr:
funcao Vr = -0.32890013409854985*sen(0.5809867575115124x + 3.7980824363464563) + 0.030390424171344053
Matriz de covariancia VR:
[[ 1.19320020e-09  5.25867032e-14 -5.40400761e-11  1.33950600e-11]
 [ 5.25867032e-14  4.45796024e-11  1.44594983e-10 -1.73527381e-11]
 [-5.40400761e-11  1.44594983e-10  1.15177279e-08 -1.77181315e-11]
 [ 1.33950600e-11 -1.73527381e-11 -1.77181315e-11  6.03863758e-10]]