Vg:
funcao Vg = -2.2783630128891432*sen(59.68627229129482x + 3.1172049303347555) + -0.007549124083441778
Matriz de covariancia VG:
[[ 7.83561922e-08 -1.08135367e-08  1.30677086e-10 -1.53216113e-10]
 [-1.08135367e-08  7.00594130e-07  5.15968169e-09 -6.39177142e-09]
 [ 1.30677086e-10  5.15968169e-09  1.54524419e-08 -4.95617726e-10]
 [-1.53216113e-10 -6.39177142e-09 -4.95617726e-10  3.96098087e-08]]
Vc:
funcao Vc = -0.2835852082921728*sen(59.68948596970764x + 4.200339580174905) + -0.025369148617148608
Matriz de covariancia VC:
[[ 7.12272878e-08  1.37687973e-08 -3.29541155e-09  7.51400599e-10]
 [ 1.37687973e-08  3.98247840e-05 -1.72393993e-07  1.40916794e-07]
 [-3.29541155e-09 -1.72393993e-07  8.83801738e-07 -2.82443557e-09]
 [ 7.51400599e-10  1.40916794e-07 -2.82443557e-09  3.60584590e-08]]
Vr:
funcao Vr = -2.160064903107283*sen(59.686124552789806x + 3.00095912430802) + 0.017833266077909405
Matriz de covariancia VR:
[[ 1.61680056e-11 -1.98129339e-12  4.69447248e-14 -5.09210197e-14]
 [-1.98129339e-12  1.60210711e-10  1.42581798e-12 -2.02854223e-12]
 [ 4.69447248e-14  1.42581798e-12  3.54135022e-12 -1.12138531e-13]
 [-5.09210197e-14 -2.02854223e-12 -1.12138531e-13  8.17769530e-12]]