Vg:
funcao Vg = -2.500393283540646*sen(1.1614344818969156x + 2.450740708164627) + 2.4915992757847114
Matriz de covariancia VG:
[[ 8.18085733e-08 -1.20161370e-10 -7.08047574e-10 -6.43947461e-10]
 [-1.20161370e-10  2.01115382e-10  5.60682360e-10  1.80781141e-10]
 [-7.08047574e-10  5.60682360e-10  1.44056276e-08  6.67113435e-11]
 [-6.43947461e-10  1.80781141e-10  6.67113435e-11  4.06700049e-08]]
Vc:
funcao Vc = -2.3719989546631*sen(1.1613948153557214x + 2.1950007021005478) + 2.4599348430085444
Matriz de covariancia VC:
[[ 1.02270379e-06 -4.87725981e-10 -7.58070789e-09 -1.06095535e-08]
 [-4.87725981e-10  2.89387828e-09  8.27604743e-09  3.66134336e-09]
 [-7.58070789e-09  8.27604743e-09  2.04645354e-07  5.58348242e-09]
 [-1.06095535e-08  3.66134336e-09  5.58348242e-09  5.14856171e-07]]
Vr:
funcao Vr = -0.6339836681438228*sen(1.1614545209364517x + 3.6915330146449987) + 0.03160692030712562
Matriz de covariancia VR:
[[ 5.47553295e-10 -2.51763500e-13  1.20538995e-11  5.91528636e-12]
 [-2.51763500e-13  2.19297737e-11  4.69650050e-11 -8.02577980e-12]
 [ 1.20538995e-11  4.69650050e-11  1.46283349e-09 -2.63805373e-11]
 [ 5.91528636e-12 -8.02577980e-12 -2.63805373e-11  2.76712993e-10]]