Vg:
funcao Vg = -2.500393283538806*sen(1.1614344818966529x + 15.01711132252597) + 2.4915992757839245
Matriz de covariancia VG:
[[ 8.18085735e-08 -1.20161499e-10 -7.08050982e-10 -6.43947549e-10]
 [-1.20161499e-10  2.01115388e-10  5.60682377e-10  1.80781152e-10]
 [-7.08050982e-10  5.60682377e-10  1.44056277e-08  6.67114288e-11]
 [-6.43947549e-10  1.80781152e-10  6.67114288e-11  4.06700049e-08]]
Vc:
funcao Vc = 2.3719989546730185*sen(1.1613948153569487x + 11.619778662857994) + 2.459934843010616
Matriz de covariancia VC:
[[1.02270379e-06 4.87727416e-10 7.58074209e-09 1.06095535e-08]
 [4.87727416e-10 2.89387829e-09 8.27604760e-09 3.66134331e-09]
 [7.58074209e-09 8.27604760e-09 2.04645356e-07 5.58348195e-09]
 [1.06095535e-08 3.66134331e-09 5.58348195e-09 5.14856170e-07]]
Vr:
funcao Vr = -0.6339836681854311*sen(1.1614545209485974x + 16.25790362913629) + 0.031606920299366355
Matriz de covariancia VR:
[[ 5.47553262e-10 -2.51767126e-13  1.20538045e-11  5.91528510e-12]
 [-2.51767126e-13  2.19297717e-11  4.69649996e-11 -8.02577794e-12]
 [ 1.20538045e-11  4.69649996e-11  1.46283336e-09 -2.63805294e-11]
 [ 5.91528510e-12 -8.02577794e-12 -2.63805294e-11  2.76712947e-10]]