Vg:
funcao Vg = -2.456614937412651*sen(18.59810963289747x + 27.588526854722964) + 2.4936238222331486
Matriz de covariancia VG:
[[ 1.08549590e-07 -1.94327754e-09 -1.52246199e-09  5.37731829e-10]
 [-1.94327754e-09  5.58311515e-08  5.69693675e-08  3.18985351e-09]
 [-1.52246199e-09  5.69693675e-08  7.64002560e-08  3.79748028e-09]
 [ 5.37731829e-10  3.18985351e-09  3.79748028e-09  5.48672030e-08]]
Vc:
funcao Vc = 0.5817107006789378*sen(18.599734238531184x + 29.43080869987402) + 2.4634160842405177
Matriz de covariancia VC:
[[ 9.84430277e-08 -1.18707398e-08 -1.09971029e-08 -1.64656445e-09]
 [-1.18707398e-08  8.48309241e-07  8.41664791e-07  2.57916217e-08]
 [-1.09971029e-08  8.41664791e-07  1.11850125e-06  2.51803506e-08]
 [-1.64656445e-09  2.57916217e-08  2.51803506e-08  4.93310890e-08]]
Vr:
funcao Vr = -2.368827920734666*sen(18.59809276481326x + 27.827466991803373) + 0.030256673394350977
Matriz de covariancia VR:
[[ 2.99639164e-10 -8.48880051e-12 -7.88676327e-12  6.44838635e-13]
 [-8.48880051e-12  1.67598898e-10  1.69480084e-10  4.48078155e-12]
 [-7.88676327e-12  1.69480084e-10  2.25995142e-10  6.22447341e-12]
 [ 6.44838635e-13  4.48078155e-12  6.22447341e-12  1.51536580e-10]]