Vg:
funcao Vg = 2.4635251621820937*sen(74.39172043096745x + 30.73102213361244) + 2.4940584512906327
Matriz de covariancia VG:
[[ 8.33232529e-08  5.96684690e-09  1.16998460e-09 -4.11976499e-10]
 [ 5.96684690e-09  6.81918277e-07  1.73948985e-07  9.74562517e-09]
 [ 1.16998460e-09  1.73948985e-07  5.83181587e-08  2.90184738e-09]
 [-4.11976499e-10  9.74562517e-09  2.90184738e-09  4.21167785e-08]]
Vc:
funcao Vc = -0.1569754497529759*sen(74.3905331201437x + 26.112234317727342) + 2.463483832241037
Matriz de covariancia VC:
[[6.72320289e-08 9.86703460e-08 2.06332176e-08 1.03851722e-09]
 [9.86703460e-08 1.28216470e-04 3.15681177e-05 2.50437315e-07]
 [2.06332176e-08 3.15681177e-05 1.04441125e-05 5.96444055e-08]
 [1.03851722e-09 2.50437315e-07 5.96444055e-08 3.37373436e-08]]
Vr:
funcao Vr = 2.4537898917012546*sen(74.39172417743353x + 30.79475672449483) + 0.03057234610842312
Matriz de covariancia VR:
[[ 7.26051689e-13  6.10039848e-14  1.27798057e-14 -3.00671303e-15]
 [ 6.10039848e-14  6.01099891e-12  1.53018522e-12  7.41648164e-14]
 [ 1.27798057e-14  1.53018522e-12  5.12294843e-13  2.26266655e-14]
 [-3.00671303e-15  7.41648164e-14  2.26266655e-14  3.67070881e-13]]