Vg:
funcao Vg = -2.302738557276829*sen(238.81823611803497x + 3.121914545405939) + -0.010169467481113711
Matriz de covariancia VG:
[[ 7.69738137e-08  5.90963794e-09  4.55812872e-10 -7.77064079e-10]
 [ 5.90963794e-09  1.04551056e-05  5.62722879e-08 -7.41249495e-08]
 [ 4.55812872e-10  5.62722879e-08  1.47878443e-08 -6.92770337e-10]
 [-7.77064079e-10 -7.41249495e-08 -6.92770337e-10  3.89704134e-08]]
Vc:
funcao Vc = -0.98098809729578*sen(238.80782565754845x + 4.14887387331579) + -0.024840052212791532
Matriz de covariancia VC:
[[ 7.88108841e-08 -1.05639086e-07 -6.78384553e-10  1.20020543e-10]
 [-1.05639086e-07  6.08218808e-05  1.57982800e-07  4.96245444e-08]
 [-6.78384553e-10  1.57982800e-07  8.40618238e-08 -9.07497595e-10]
 [ 1.20020543e-10  4.96245444e-08 -9.07497595e-10  3.98228381e-08]]
Vr:
funcao Vr = -1.9817560418319977*sen(238.81872602564817x + 2.684491398146305) + 0.014658217511649517
Matriz de covariancia VR:
[[ 1.42933144e-10  8.71996646e-11  9.17628168e-13 -2.43791799e-12]
 [ 8.71996646e-11  2.55469850e-08  1.15878957e-10 -2.01967754e-10]
 [ 9.17628168e-13  1.15878957e-10  3.60949340e-11 -1.19532652e-12]
 [-2.43791799e-12 -2.01967754e-10 -1.19532652e-12  7.21793226e-11]]