Vg:
funcao Vg = -2.358703800725071*sen(477.54154011270555x + 3.12295814910839) + -0.009491418062956784
Matriz de covariancia VG:
[[ 1.03740193e-07 -1.27068468e-07 -4.59331278e-10 -6.98424047e-09]
 [-1.27068468e-07  5.85509742e-05  1.95830202e-07 -6.14106286e-08]
 [-4.59331278e-10  1.95830202e-07  1.86389265e-08 -1.33789109e-10]
 [-6.98424047e-09 -6.14106286e-08 -1.33789109e-10  5.11785231e-08]]
Vc:
funcao Vc = -1.6164333970221596*sen(477.5413680644706x + 3.8732308711886914) + -0.0270136878003733
Matriz de covariancia VC:
[[ 1.34499257e-07 -2.51099427e-08  1.32428536e-09 -7.00633557e-09]
 [-2.51099427e-08  1.70535140e-04  4.03486371e-07 -9.16463466e-08]
 [ 1.32428536e-09  4.03486371e-07  5.22267281e-08 -4.07635941e-09]
 [-7.00633557e-09 -9.16463466e-08 -4.07635941e-09  6.74744267e-08]]
Vr:
funcao Vr = -1.6119423859270225*sen(477.5415590249658x + 2.3700850017126514) + 0.01752235252626052
Matriz de covariancia VR:
[[ 2.31428458e-14  1.34006354e-16 -2.40224121e-16 -1.15469080e-15]
 [ 1.34006354e-16  2.96816697e-11  1.25860798e-13 -1.51799826e-14]
 [-2.40224121e-16  1.25860798e-13  9.43515415e-15  6.39427389e-16]
 [-1.15469080e-15 -1.51799826e-14  6.39427389e-16  1.16291416e-14]]