Vg:
funcao Vg = -2.4381815002545846*sen(954.9357453684328x + 3.1178178819879454) + -0.009926418272015333
Matriz de covariancia VG:
[[9.49550963e-08 2.64346665e-07 8.69545877e-10 3.31672725e-11]
 [2.64346665e-07 2.25452261e-04 7.36204091e-07 5.83398277e-10]
 [8.69545877e-10 7.36204091e-07 1.88636930e-08 2.76482993e-09]
 [3.31672725e-11 5.83398277e-10 2.76482993e-09 4.83458272e-08]]
Vc:
funcao Vc = -2.160610555843938*sen(954.9052011072565x + 3.5419213619339027) + -0.024645933336828196
Matriz de covariancia VC:
[[ 1.29506978e-07  2.69787618e-07  2.28994826e-10 -3.77947747e-09]
 [ 2.69787618e-07  3.84503664e-04  1.39219453e-06 -7.42943804e-08]
 [ 2.28994826e-10  1.39219453e-06  3.33644507e-08  3.60048745e-09]
 [-3.77947747e-09 -7.42943804e-08  3.60048745e-09  6.57014826e-08]]
Vr:
funcao Vr = -1.005448600529167*sen(954.9375697682228x + 2.0324240816617998) + 0.014725783880058916
Matriz de covariancia VR:
[[ 3.21936793e-10 -1.07494840e-09  1.22400155e-12  1.95639733e-11]
 [-1.07494840e-09  4.10744026e-06  1.18441456e-08  8.06115107e-10]
 [ 1.22400155e-12  1.18441456e-08  3.46325763e-10  1.25781295e-11]
 [ 1.95639733e-11  8.06115107e-10  1.25781295e-11  1.60204241e-10]]