Vg:
funcao Vg = -2.2887067557123486*sen(119.33537385929408x + 3.1191962816743897) + -0.008354951265542332
Matriz de covariancia VG:
[[ 7.56310226e-08 -1.50515090e-08  2.37886972e-10 -3.09799520e-10]
 [-1.50515090e-08  2.66458342e-06  1.70171304e-08 -2.10682032e-08]
 [ 2.37886972e-10  1.70171304e-08  1.47865021e-08 -5.47700763e-10]
 [-3.09799520e-10 -2.10682032e-08 -5.47700763e-10  3.82745741e-08]]
Vc:
funcao Vc = -0.5323044839102251*sen(119.32200449221104x + 4.257765690650748) + -0.022427665526255774
Matriz de covariancia VC:
[[ 7.91911070e-08 -1.10905723e-08 -1.97595920e-09  6.80521430e-10]
 [-1.10905723e-08  5.07131053e-05 -2.89262125e-08  1.47664329e-07]
 [-1.97595920e-09 -2.89262125e-08  2.80579741e-07 -1.63318351e-09]
 [ 6.80521430e-10  1.47664329e-07 -1.63318351e-09  4.01017017e-08]]
Vr:
funcao Vr = -2.121519369167474*sen(119.33597908469753x + 2.889349091012591) + 0.014027234850901725
Matriz de covariancia VR:
[[ 2.71036118e-10 -2.00338410e-11  1.50605186e-12 -2.04076126e-12]
 [-2.00338410e-11  1.09681273e-08  7.94391779e-11 -1.18660200e-10]
 [ 1.50605186e-12  7.94391779e-11  6.11995864e-11 -2.24302455e-12]
 [-2.04076126e-12 -1.18660200e-10 -2.24302455e-12  1.37249693e-10]]