Vg:
funcao Vg = -2.3378641320783453*sen(44.498324643338975x + 9.359708136879823) + 2.522975598012573
Matriz de covariancia VG:
[[ 8.43946842e-08  2.94195088e-09 -1.78065529e-10  3.79680587e-10]
 [ 2.94195088e-09  2.96959263e-07 -5.53023520e-11 -8.18825181e-10]
 [-1.78065529e-10 -5.53023520e-11  1.46743991e-08  1.67968496e-09]
 [ 3.79680587e-10 -8.18825181e-10  1.67968496e-09  4.12120057e-08]]
Vc:
funcao Vc = -0.6388214917648147*sen(44.49930834620655x + 10.064344973256077) + 2.528071474253333
Matriz de covariancia VC:
[[ 8.78961610e-08  3.46999789e-09  3.30913945e-09 -2.36512960e-09]
 [ 3.46999789e-09  4.43102399e-06  2.32134309e-08  1.93420460e-08]
 [ 3.30913945e-09  2.32134309e-08  2.11638180e-07  5.47594848e-09]
 [-2.36512960e-09  1.93420460e-08  5.47594848e-09  4.37086530e-08]]
Vr:
funcao Vr = -1.8968638127642958*sen(44.49811252961973x + 9.139790896568998) + -0.005090069063326753
Matriz de covariancia VR:
[[ 1.12154486e-11  3.92832030e-13 -8.96062515e-14  1.62068966e-13]
 [ 3.92832030e-13  6.10742589e-11 -1.27929363e-13 -4.35207655e-13]
 [-8.96062515e-14 -1.27929363e-13  2.99002708e-12  2.64636935e-13]
 [ 1.62068966e-13 -4.35207655e-13  2.64636935e-13  5.50465828e-12]]